-32.79120431230528    -7.62944222482447    -0.02150044920205     0.00000000000000     0.00000000000000    -2.00643852603748    -2.00643852603748
 -7.62944222482447    -9.39755115829550    -0.24679227142554     0.00000000000000     0.00000000000000    -4.12380461828003    -4.12380461828003
 -0.02150044920205    -0.24679227142554    -7.61575408719549     0.00000000000000     0.00000000000000    -1.76563140963584    -1.76563140963584
  0.00000000000000     0.00000000000000     0.00000000000000    -7.50872007032893     0.00000000000000     0.00000000000000     0.00000000000000
  0.00000000000000     0.00000000000000     0.00000000000000     0.00000000000000    -7.68725478814254     2.16844685390201    -2.16844685390201
 -2.00643852603748    -4.12380461828003    -1.76563140963584     0.00000000000000     2.16844685390201    -5.32607731503943    -1.89258837340964
 -2.00643852603748    -4.12380461828003    -1.76563140963584     0.00000000000000    -2.16844685390201    -1.89258837340964    -5.32607731503943
